0.140 0.317 0.282 0.359 0.303 0.486 0.279 0.226 0.086 0.212
0.212 0.219 0.094 0.095 0.009 0.368 0.006 0.057 0.404 0.346
0.166 0.356 0.093 0.099 0.190 0.403 0.430 0.283 0.207 0.022
0.370 0.441 0.262 0.089 0.363 0.359 0.029 0.036 0.330 0.064
0.304 0.356 0.318 0.287 0.248 0.374 0.470 0.237 0.405 0.464
0.457 0.058 0.198 0.366 0.387 0.184 0.287 0.205 0.246 0.009
0.411 0.336 0.117 0.362 0.462 0.449 0.277 0.366 0.425 0.274
0.322 0.401 0.147 0.033 0.438 0.361 0.324 0.402 0.222 0.086
0.165 0.339 0.197 0.294 0.046 0.042 0.456 0.363 0.100 0.435
0.010 0.111 0.088 0.403 0.290 0.299 0.286 0.361 0.245 0.136
0.405 0.353 0.348 0.271 0.268 0.257 0.394 0.222 0.349 0.223
0.176 0.101 0.296 0.163 0.023 0.225 0.312 0.281 0.462 0.215
0.033 0.049 0.475 0.259 0.295 0.213 0.374 0.293 0.242 0.228
0.037 0.407 0.312 0.407 0.412 0.207 0.416 0.389 0.407 0.289
0.115 0.339 0.211 0.214 0.444 0.218 0.208 0.312 0.012 0.231
0.169 0.244 0.112 0.235 0.315 0.278 0.210 0.373 0.277 0.263
0.164 0.152 0.385 0.306 0.238 0.477 0.491 0.220 0.101 0.148
0.495 0.347 0.367 0.423 0.176 0.101 0.058 0.110 0.181 0.440
0.031 0.299 0.358 0.359 0.462 0.138 0.488 0.161 0.216 0.046
0.250 0.196 0.430 0.092 0.311 0.373 0.148 0.384 0.072 0.160
